0.9985418655103625
0.9857101113415802
0.9384113495450367
0.8653067515099857
0.7670603239245521
0.6439176630828221
0.4994953320383863
0.34078086060434337
0.1743433681997545
-0.0012451904574411767
0.0012451904574413758
-0.1743433681997541
-0.34078086060434276
-0.4994953320383859
-0.6439176630828216
-0.7670603239245521
-0.8653067515099856
-0.9384113495450366
-0.98571011134158
-0.9985418655103626
-0.9985418655103626
-0.9857101113415802
-0.9384113495450366
-0.8653067515099857
-0.7670603239245525
-0.6439176630828222
-0.49949533203838614
-0.34078086060434304
-0.17434336819975452
0.0012451904574407686
