0	1	1	1	1	16
0.06	0.9713379749	0.9426305993	1	1	16
0.12	0.8869949228	0.8353403597	1	1	16
0.18	0.7518057291	0.6870987011	1	1	16
0.24	0.5735199861	0.5086665965	1	1	16
0.3	0.3623577545	0.3118842096	1	1	16
0.36	0.1304237087	0.1089390388	1	1	16
0.42	-0.1089867522	-0.0883429444	1	1	16
0.48	-0.3421496512	-0.2691444482	1	1	16
0.54	-0.5556991463	-0.4242093333	1	1	16
0.6	-0.7373937155	-0.5462747003	1	1	16
0.66	-0.8768178904	-0.6303651913	1	1	16
0.72	-0.9659793124	-0.6739408977	1	1	16
0.78	-0.9997668877	-0.6768990442	1	1	16
0.84	-0.9762437757	-0.6414378682	1	1	16
0.9	-0.8967584163	-0.5717984115	1	1	16
0.96	-0.7658672324	-0.4739059238	1	1	16
1.02	-0.5910734368	-0.3549369855	1	1	16
1.08	-0.3823969177	-0.2228411355	1	1	16
1.14	-0.1517998585	-0.0858466816	1	1	16
1.2	0.0874989834	0.0480204603	1	1	16
1.26	0.3217820292	0.1713784705	1	1	16
1.32	0.5376192258	0.2778692143	1	1	16
1.38	0.7226379109	0.3624578827	1	1	16
1.44	0.866232064	0.4216404113	1	1	16
1.5	0.9601702867	0.4535523283	1	1	16
1.56	0.9990676595	0.4579786208	1	1	16
1.62	0.9806944277	0.4362698266	1	1	16
