0	1	1	1	0.1	16 
0.06	0.9713379749	0.9713379749	1	0.1	16
0.12	0.8869949228	0.8869949228	1	0.1	16
0.18	0.7518057291	0.7518057291	1	0.1	16
0.24	0.5735199861	0.5735199861	1	0.1	16
0.3	0.3623577545	0.3623577545	1	0.1	16
0.36	0.1304237087	0.1304237087	1	0.1	16
0.42	-0.1089867522	-0.1089867522	1	0.1	16
0.48	-0.3421496512	-0.3421496512	1	0.1	16
0.54	-0.5556991463	-0.5556991463	1	0.1	16
0.6	-0.7373937155	-0.7373937155	1	0.1	16
0.66	-0.8768178904	-0.8768178904	1	0.1	16
0.72	-0.9659793124	-0.9659793124	1	0.1	16
0.78	-0.9997668877	-0.9997668877	1	0.1	16
0.84	-0.9762437757	-0.9762437757	1	0.1	16
0.9	-0.8967584163	-0.8967584163	1	0.1	16
0.96	-0.7658672324	-0.7658672324	1	0.1	16
1.02	-0.5910734368	-0.5910734368	1	0.1	16
1.08	-0.3823969177	-0.3823969177	1	0.1	16
1.14	-0.1517998585	-0.1517998585	1	0.1	16
1.2	0.0874989834	0.0874989834	1	0.1	16
1.26	0.3217820292	0.3217820292	1	0.1	16
1.32	0.5376192258	0.5376192258	1	0.1	16
1.38	0.7226379109	0.7226379109	1	0.1	16
1.44	0.866232064	0.866232064	1	0.1	16
1.5	0.9601702867	0.9601702867	1	0.1	16
1.56	0.9990676595	0.9990676595	1	0.1	16
1.62	0.9806944277	0.9806944277	1	0.1	16
1.68	0.9061038191	0.9061038191	1	0.1	16
1.74	0.7795716696	0.7795716696	1	0.1	16
1.8	0.6083513145	0.6083513145	1	0.1	16
1.86	0.4022577981	0.4022577981	1	0.1	16
1.92	0.1731052354	0.1731052354	1	0.1	16
1.98	-0.0659704205	-0.0659704205	1	0.1	16
