0	0	0	1	0.1	16
0.06	0.237702626427135	0.237702626427135	1	0.1	16
0.12	0.461779175541483	0.461779175541483	1	0.1	16
0.18	0.659384671971473	0.659384671971473	1	0.1	16
0.24	0.819191568300998	0.819191568300998	1	0.1	16
0.3	0.932039085967226	0.932039085967226	1	0.1	16
0.36	0.991458348191686	0.991458348191686	1	0.1	16
0.42	0.994043202198076	0.994043202198076	1	0.1	16
0.48	0.939645473685325	0.939645473685325	1	0.1	16
0.54	0.831383460778683	0.831383460778683	1	0.1	16
0.6	0.675463180551151	0.675463180551151	1	0.1	16
0.66	0.480822614988649	0.480822614988649	1	0.1	16
0.72	0.258619349661111	0.258619349661111	1	0.1	16
0.78	0.021590975726096	0.021590975726096	1	0.1	16
0.84	-0.21667508038738	-0.21667508038738	1	0.1	16
0.9	-0.442520443294852	-0.442520443294852	1	0.1	16
0.96	-0.642998742053909	-0.642998742053909	1	0.1	16
1.02	-0.806617748583241	-0.806617748583241	1	0.1	16
1.08	-0.923998158723188	-0.923998158723188	1	0.1	16
1.14	-0.988411251939131	-0.988411251939131	1	0.1	16
1.2	-0.996164608835841	-0.996164608835841	1	0.1	16
