0	0	1	1	0.1	8
0.085	0.238106979259043	0.971238933748094	1	0.1	8
0.17	0.462517537307064	0.886610132856268	1	0.1	8
0.255	0.660323100288772	0.75098162642306	1	0.1	8
0.34	0.82014547040034	0.572155055366817	1	0.1	8
0.425	0.932791324091138	0.360416905403037	1	0.1	8
0.51	0.991781031639158	0.12794680645005	1	0.1	8
0.595	0.993721379270463	-0.111883065656997	1	0.1	8
0.68	0.938500754051501	-0.345277185236389	1	0.1	8
0.765	0.82929556410306	-0.55881022481607	1	0.1	8
0.85	0.672387524831459	-0.740199308599397	1	0.1	8
0.935	0.476802321262592	-0.879010549674237	1	0.1	8
1.02	0.253790431391932	-0.967259229438467	1	0.1	8
1.105	0.0161799746985468	-0.999869095641402	1	0.1	8
1.19	-0.222361188643358	-0.974964359238384	1	0.1	8
1.275	-0.448111662228414	-0.893977593776761	1	0.1	8
1.36	-0.648085797402263	-0.761567330710472	1	0.1	8
1.445	-0.810780655464099	-0.58535009073648	1	0.1	8
1.53	-0.926837681230802	-0.375462265282026	1	0.1	8
1.615	-0.98958102708822	-0.143977049653836	1	0.1	8
1.7	-0.99540156198221	0.0957900329020494	1	0.1	8
1.785	-0.943964476333358	0.330047068492797	1	0.1	8
1.87	-0.838228540997966	0.545319092877209	1	0.1	8
1.955	-0.684275912458811	0.729223200144278	1	0.1	8
2.04	-0.490962274214033	0.871180833867794	1	0.1	8
2.125	-0.269407438977542	0.963026288230784	1	0.1	8
2.21	-0.0323557133386736	0.999476416837509	1	0.1	8
2.295	0.20655718193012	0.97843453056047	1	0.1	8
2.38	0.433588467610315	0.901111003570226	1	0.1	8
2.465	0.635678820004502	0.771953650031972	1	0.1	8
2.55	0.801203571084524	0.598391876349776	1	0.1	8
2.635	0.920641384186094	0.390409325866985	1	0.1	8
2.72	0.987121941598018	0.159969598410947	1	0.1	8
2.805	0.996821139887919	-0.0796719214814661	1	0.1	8
