0	0	1	1	0.1	8
0.097142857	0.271317382850498	0.962489936447731	1	0.1	8
0.194285714	0.52228050115388	0.852773755526313	1	0.1	8
0.291428571	0.734062069876477	0.679082379073896	1	0.1	8
0.388571428	0.890774208814319	0.454446156228903	1	0.1	8
0.485714285	0.980660353385465	0.195717324981449	1	0.1	8
0.582857142	0.996977233599253	-0.077694244862674	1	0.1	8
0.679999999	0.938500755028093	-0.345277182581908	1	0.1	8
0.777142856	0.809617830527019	-0.586957382177551	1	0.1	8
0.874285713	0.619997273473708	-0.784603964357286	1	0.1	8
0.97142857	0.383864442159932	-0.923389457404212	1	0.1	8
1.068571427	0.118934051604404	-0.992902155989683	1	0.1	8
1.165714284	-0.154918786619543	-0.987927208630438	1	0.1	8
1.262857141	-0.417149597780412	-0.908837836509704	1	0.1	8
1.359999998	-0.648085793094186	-0.7615673343766	1	0.1	8
1.457142855	-0.83040250983539	-0.557163954019897	1	0.1	8
1.554285712	-0.950422324740814	-0.310962063014554	1	0.1	8
1.651428569	-0.99914133604119	-0.0414317585171704	1	0.1	8
1.748571426	-0.972904637316358	0.231206761770337	1	0.1	8
1.845714283	-0.873680509039458	0.486500121402405	1	0.1	8
1.94285714	-0.708912757925659	0.705296180090489	1	0.1	8
2.039999997	-0.490962281606249	0.87118082970184	1	0.1	8
2.137142854	-0.236179752517202	0.971709382737922	1	0.1	8
2.234285711	0.0363210116252038	0.999340174372332	1	0.1	8
2.331428568	0.30609696885892	0.952000339104657	1	0.1	8
2.428571425	0.552909492582527	0.833241317393787	1	0.1	8
2.525714282	0.758242675895287	0.65197242614328	1	0.1	8
2.622857139	0.906692397286296	0.421792480614851	1	0.1	8
2.719999996	0.987121939788168	0.159969609578959	1	0.1	8
2.817142853	0.993497468899453	-0.113854201900413	1	0.1	8
