0	0.0		1.0			1	0.5	16
0.05	0.156434465	0.980066577841242	1	0.5	16
0.1	0.3090169944	0.921060994002885	1	0.5	16
0.15	0.4539904997	0.825335614909678	1	0.5	16
0.2	0.5877852523	0.696706709347165	1	0.5	16
0.25	0.7071067812	0.54030230586814	1	0.5	16
0.3	0.8090169944	0.362357754476674	1	0.5	16
0.35	0.8910065242	0.169967142900241	1	0.5	16
0.4	0.9510565163	-0.0291995223012888	1	0.5	16
0.45	0.9876883406	-0.227202094693087	1	0.5	16
0.5	1.0		-0.416146836547142	1	0.5	16
0.55	0.9876883406	-0.588501117255346	1	0.5	16
0.6	0.9510565163	-0.737393715541245	1	0.5	16
0.65	0.8910065242	-0.856888753368947	1	0.5	16
0.7	0.8090169944	-0.942222340668658	1	0.5	16
0.75	0.7071067812	-0.989992496600445	1	0.5	16
0.8	0.5877852523	-0.998294775794753	1	0.5	16
0.85	0.4539904997	-0.966798192579461	1	0.5	16
0.9	0.3090169944	-0.896758416334147	1	0.5	16
0.95	0.156434465	-0.790967711914417	1	0.5	16
1	0.0		-0.653643620863612	1	0.5	16
1.05	-0.156434465	-0.490260821340699	1	0.5	16
1.1	-0.3090169944	-0.307332869978419	1	0.5	16
1.15	-0.4539904997	-0.112152526935055	1	0.5	16
1.2	-0.5877852523	0.0874989834394464	1	0.5	16
1.25	-0.7071067812	0.283662185463226	1	0.5	16
1.3	-0.8090169944	0.468516671300377	1	0.5	16
1.35	-0.8910065242	0.634692875942635	1	0.5	16
1.4	-0.9510565163	0.77556587851025	1	0.5	16
1.45	-0.9876883406	0.885519516941319	1	0.5	16
1.5	-1.0		0.960170286650366	1	0.5	16
1.55	-0.9876883406	0.996542097023218	1	0.5	16
1.6	-0.9510565163	0.993184918758193	1	0.5	16
1.65	-0.8910065242	0.95023259195853	1	0.5	16
1.7	-0.8090169944	0.869397490349825	1	0.5	16
1.75	-0.7071067812	0.753902254343305	1	0.5	16
1.8	-0.5877852523	0.608351314532255	1	0.5	16
1.85	-0.4539904997	0.43854732757439	1	0.5	16
1.9	-0.3090169944	0.251259842582256	1	0.5	16
1.95	-0.156434465	0.0539554205626498	1	0.5	16
2	0.0		-0.145500033808614	1	0.5	16
