0	1	1	1	0.1	16
0.06	0.97133797485203	0.97133797485203	1	0.1	16
0.12	0.886994922779284	0.886994922779284	1	0.1	16
0.18	0.751805729140895	0.751805729140895	1	0.1	16
0.24	0.573519986072457	0.573519986072457	1	0.1	16
0.3	0.362357754476674	0.362357754476674	1	0.1	16
0.36	0.130423708738146	0.130423708738146	1	0.1	16
0.42	-0.108986752239871	-0.108986752239871	1	0.1	16
0.48	-0.342149651150898	-0.342149651150898	1	0.1	16
0.54	-0.555699146250613	-0.555699146250613	1	0.1	16
0.6	-0.737393715541245	-0.737393715541245	1	0.1	16
0.66	-0.876817890394282	-0.876817890394282	1	0.1	16
0.72	-0.965979312397975	-0.965979312397975	1	0.1	16
0.78	-0.999766887712928	-0.999766887712928	1	0.1	16
0.84	-0.97624377567241	-0.97624377567241	1	0.1	16
0.9	-0.896758416334147	-0.896758416334147	1	0.1	16
0.96	-0.765867232434637	-0.765867232434637	1	0.1	16
1.02	-0.591073436783031	-0.591073436783031	1	0.1	16
1.08	-0.38239691771268	-0.38239691771268	1	0.1	16
1.14	-0.151799858498356	-0.151799858498356	1	0.1	16
1.2	0.0874989834394464	0.0874989834394464	1	0.1	16
1.26	0.321782029249722	0.321782029249722	1	0.1	16
1.32	0.537619225830956	0.537619225830956	1	0.1	16
1.38	0.722637910870593	0.722637910870593	1	0.1	16
1.44	0.866232063961729	0.866232063961729	1	0.1	16
1.5	0.960170286650367	0.960170286650367	1	0.1	16
1.56	0.99906765953439	0.99906765953439	1	0.1	16
1.62	0.980694427654217	0.980694427654217	1	0.1	16
1.68	0.906103819078243	0.906103819078243	1	0.1	16
1.74	0.779571669604085	0.779571669604085	1	0.1	16
1.8	0.608351314532251	0.608351314532251	1	0.1	16
1.86	0.40225779810857	0.40225779810857	1	0.1	16
1.92	0.173105235434177	0.173105235434177	1	0.1	16
1.98	-0.0659704204627352	-0.0659704204627352	1	0.1	16
