2.4054296e-01
6.3086620e-02
2.8274819e-01
2.1771218e-01
2.8539598e-01
2.2252727e-01
2.4386618e-01
1.7083096e-01
2.6332726e-01
3.8229220e-01
2.1676572e-01
2.9662720e-01
3.5542266e-01
2.9400839e-01
4.4591740e-01
3.1579041e-01
4.2124111e-01
5.4890090e-01
4.6899241e-01
5.2713965e-01
4.8941133e-01
4.0348095e-01
5.6813495e-01
6.7064433e-01
5.0951056e-01
6.3018162e-01
5.6198261e-01
6.2063153e-01
5.4734889e-01
5.9117824e-01
6.9531303e-01
6.8260960e-01
6.8143647e-01
7.1644387e-01
6.7605900e-01
6.9329439e-01
8.4271872e-01
7.9323198e-01
7.9290052e-01
9.0077874e-01
7.5795761e-01
9.2737429e-01
8.6011469e-01
9.3421395e-01
8.5855460e-01
9.1460314e-01
9.7980482e-01
9.2475785e-01
1.0500441e+00
9.4706049e-01
8.8879155e-01
9.3427081e-01
9.9567580e-01
9.7655803e-01
9.4330985e-01
1.0344234e+00
9.5856668e-01
1.0607901e+00
9.9904162e-01
1.1139931e+00
1.2004972e+00
1.1947252e+00
1.1143818e+00
1.1720875e+00
1.1418414e+00
1.2474914e+00
1.0862124e+00
1.1565936e+00
1.1763037e+00
1.2594851e+00
1.2086154e+00
1.2706908e+00
1.1479417e+00
1.3843782e+00
1.3029534e+00
1.2588098e+00
1.2088781e+00
1.2984764e+00
1.3140170e+00
1.3192760e+00
1.4540582e+00
1.4424791e+00
1.3777373e+00
1.4664954e+00
1.4122789e+00
1.3493780e+00
1.3951325e+00
1.5630628e+00
1.5314187e+00
1.4937410e+00
1.3759840e+00
1.4644941e+00
1.5727925e+00
1.5509417e+00
1.5819219e+00
1.5632150e+00
1.4505815e+00
1.5419124e+00
1.6098898e+00
1.5393615e+00
1.5592041e+00
1.6998053e+00
1.6405174e+00
1.5073357e+00
1.5216582e+00
1.6971181e+00
1.7060937e+00
1.5869929e+00
1.6913717e+00
1.5799427e+00
1.6981534e+00
1.6965322e+00
1.7370543e+00
1.7443194e+00
1.7346145e+00
1.6790163e+00
1.6852393e+00
1.7928969e+00
1.7699970e+00
1.8007258e+00
1.8881850e+00
1.6674572e+00
1.7729599e+00
1.8183403e+00
1.6966543e+00
1.7762173e+00
1.8350509e+00
1.8763183e+00
1.8663338e+00
1.9311511e+00
1.8549247e+00
1.7601428e+00
1.9610925e+00
1.8235626e+00
1.8149836e+00
1.8054105e+00
1.8829290e+00
1.9002481e+00
1.8634944e+00
1.9963230e+00
2.0704229e+00
2.0132173e+00
1.9546458e+00
2.0395597e+00
1.8754063e+00
2.0829774e+00
2.0521586e+00
2.0063268e+00
1.9685237e+00
1.9322022e+00
1.9898930e+00
1.9541941e+00
2.0200834e+00
2.0474964e+00
1.9772333e+00
2.0744886e+00
2.1796262e+00
1.9520235e+00
2.0185743e+00
2.0681769e+00
2.1362016e+00
2.0782645e+00
2.0080050e+00
2.0294479e+00
2.0298033e+00
2.2276764e+00
2.0633919e+00
2.1653191e+00
2.1966134e+00
2.2732273e+00
2.1087024e+00
2.0818255e+00
2.2866337e+00
2.2440286e+00
2.0741860e+00
2.2904519e+00
2.0846834e+00
2.2439946e+00
2.1163519e+00
2.2735387e+00
2.1699756e+00
2.3421602e+00
2.3337371e+00
2.1517246e+00
2.2662847e+00
2.2375663e+00
2.2008209e+00
2.1495469e+00
2.3807111e+00
2.3712924e+00
2.3741351e+00
2.2117686e+00
2.3779822e+00
2.2921815e+00
2.2519182e+00
2.1869328e+00
2.2873523e+00
2.3724585e+00
2.3129912e+00
2.3208551e+00
2.2361897e+00
2.4488375e+00
2.2258476e+00
2.2505432e+00
2.2473652e+00
2.3192607e+00
2.3106658e+00
2.4740062e+00
2.4684913e+00
2.3046765e+00
2.3009586e+00
2.4914504e+00
2.3330980e+00
2.4466251e+00
2.4721733e+00
2.3266147e+00
2.4359039e+00
2.3809938e+00
2.5417260e+00
2.3701259e+00
2.3105600e+00
2.4685090e+00
2.4367952e+00
2.3776016e+00
2.5375954e+00
2.3572638e+00
2.5094900e+00
2.4216483e+00
2.4810636e+00
2.4341690e+00
2.4338166e+00
2.5482563e+00
2.4771747e+00
2.5762901e+00
2.3949124e+00
2.4825630e+00
2.4185795e+00
2.3901026e+00
2.4390372e+00
2.5036718e+00
2.4279729e+00
2.5833808e+00
2.4189957e+00
2.4106624e+00
2.4328255e+00
2.6567812e+00
2.5234742e+00
2.5685793e+00
2.6662847e+00
2.4501739e+00
2.4974261e+00
2.6739228e+00
2.5122238e+00
2.6248843e+00
2.4590342e+00
2.6664806e+00
2.5581489e+00
2.5947697e+00
2.6118159e+00
2.4980920e+00
2.6655327e+00
2.5895311e+00
2.4918646e+00
2.5689003e+00
2.7271584e+00
2.6418929e+00
2.5240284e+00
2.6488090e+00
2.5625165e+00
2.5673007e+00
2.6984444e+00
2.5282281e+00
2.7194362e+00
2.5581292e+00
2.6662057e+00
2.5795355e+00
2.6902959e+00
2.5556280e+00
2.5677446e+00
2.7517439e+00
2.6172258e+00
2.7534996e+00
2.6913591e+00
2.6595004e+00
2.6620528e+00
2.6097499e+00
2.6207879e+00
2.5820128e+00
2.6959393e+00
2.7145843e+00
2.5817074e+00
2.7966573e+00
2.6837332e+00
2.7469113e+00
2.5928886e+00
2.6771582e+00
2.7185709e+00
2.6176747e+00
2.6570081e+00
2.6956040e+00
2.8204571e+00
2.8428409e+00
2.8299106e+00
2.7398532e+00
2.8092006e+00
2.8401201e+00
2.7792387e+00
2.8072701e+00
2.7823684e+00
2.7311015e+00
2.6296707e+00
2.8174594e+00
2.7767319e+00
2.6315604e+00
2.7662170e+00
2.6380409e+00
2.7619990e+00
2.6420275e+00
2.7569069e+00
2.8605949e+00
2.8113896e+00
2.7162939e+00
2.7969749e+00
2.6720298e+00
2.8879461e+00
2.8129636e+00
2.7688009e+00
2.7232058e+00
2.7311853e+00
2.8215235e+00
2.6928887e+00
2.8730010e+00
2.7008579e+00
2.8610751e+00
2.8243644e+00
2.9291041e+00
2.7955959e+00
2.8479200e+00
2.7748775e+00
2.7053168e+00
2.7935109e+00
2.8773482e+00
2.7195598e+00
2.9422683e+00
2.8916197e+00
2.7713921e+00
2.9276930e+00
2.7753256e+00
2.8966516e+00
2.8552908e+00
2.8880813e+00
2.9244645e+00
2.8868336e+00
2.8078264e+00
2.9624277e+00
2.8139129e+00
2.9217701e+00
2.8744053e+00
2.8590515e+00
2.7777472e+00
2.9239009e+00
2.8853587e+00
2.7560496e+00
2.9535567e+00
2.9750289e+00
2.8156480e+00
2.9152627e+00
2.7423852e+00
2.9472633e+00
2.8561689e+00
2.8488290e+00
2.8735811e+00
2.8843759e+00
2.9634879e+00
2.9386937e+00
2.8243806e+00
2.7575201e+00
2.8693999e+00
2.8489174e+00
2.8412344e+00
2.7748219e+00
2.9230023e+00
2.8988639e+00
2.9855912e+00
2.9993208e+00
2.8848066e+00
2.8542578e+00
2.8129735e+00
2.8757748e+00
3.0112513e+00
2.8439258e+00
2.9914167e+00
3.0100021e+00
3.0204834e+00
3.0140809e+00
2.9822959e+00
2.9399113e+00
2.9664680e+00
3.0024442e+00
2.8828167e+00
3.0142379e+00
2.8604207e+00
2.8229067e+00
2.9360468e+00
2.9461058e+00
2.9460081e+00
2.8311310e+00
2.9203286e+00
3.0215141e+00
3.0018746e+00
3.0139966e+00
2.9686687e+00
2.9674927e+00
2.9219872e+00
3.0283365e+00
2.8848323e+00
2.9749310e+00
2.9031484e+00
2.9598299e+00
2.8780410e+00
3.0078496e+00
3.0226873e+00
3.0328141e+00
2.8243864e+00
2.8296939e+00
2.8440243e+00
2.9628921e+00
3.0264278e+00
2.9841389e+00
2.8933840e+00
2.8550377e+00
2.8663293e+00
2.8392426e+00
3.0458033e+00
3.0539975e+00
3.0374358e+00
3.0225722e+00
2.9060206e+00
3.0333014e+00
2.9409534e+00
3.0477556e+00
2.9485292e+00
2.9786385e+00
2.8736924e+00
3.0938372e+00
3.0046387e+00
3.0568293e+00
3.0794559e+00
2.8742496e+00
2.9935661e+00
2.9649149e+00
3.0807632e+00
2.9562805e+00
3.0025084e+00
2.9523041e+00
3.0963243e+00
3.0953749e+00
2.9939609e+00
2.9043781e+00
2.9354839e+00
2.9736414e+00
3.0618208e+00
2.9534738e+00
3.1025506e+00
2.9346028e+00
3.0096133e+00
2.9876358e+00
2.8896517e+00
2.9309457e+00
2.8787119e+00
2.9307575e+00
3.0114441e+00
3.0079509e+00
2.9947828e+00
3.0651237e+00
3.0144466e+00
3.0891503e+00
2.9951885e+00
3.0259121e+00
3.1139398e+00
3.0374145e+00
3.1046600e+00
2.9776154e+00
3.0750556e+00
2.9865321e+00
3.0498588e+00
2.9466450e+00
2.9386442e+00
3.1050342e+00
3.0278375e+00
3.1000104e+00
3.1122260e+00
3.0094359e+00
3.0923378e+00
2.9580238e+00
3.1304276e+00
3.0969999e+00
2.9293801e+00
2.9347835e+00
3.0919876e+00
