-2.00226777468157
-1.88293278510219
-1.76544768889456
-0.65596456221686
-0.743185018063005
-0.680695612097057
0.359454352033823
0.20947455169575
1.21280890911762
2.00751216258876
1.77162192079101
1.67591521535137
2.57008595492953
3.28287944933508
3.96754266855296
4.60765509544811
5.20830574753932
4.77164626696063
4.49003016594283
4.20952198644896
4.9485164289368
5.51344094581268
5.05970913758069
5.75997731493788
6.27274672160937
6.77212212229613
6.23814852565299
6.86555496045446
6.30967734104647
6.93470524150218
6.37427252654234
5.99532537547956
5.62112625732352
5.2725513134896
5.9453017148054
5.44840054661113
5.12664064853166
5.80638699090398
5.31837034045602
6.00464641467786
6.50196803674379
5.98715167952381
5.62982902482354
6.27861971164993
6.76126144941527
7.23005613942436
7.66769684686356
8.07844118269041
7.46366097960286
7.01497833540116
6.57777176922729
7.16979253332224
7.59686456429829
7.01383540108029
7.59283042259083
7.9918528904282
8.38454049195775
7.75050014533716
8.28404997675803
7.64014049861446
8.18259980108868
7.54472269871556
7.09313736209025
6.65080798713897
6.2383309530334
6.85114503041373
6.29802718899913
5.92353942673894
6.55383019833844
6.01942719186281
6.66219564920949
7.11870973888322
6.56561836640055
6.17239604545043
6.78751500078292
7.23857467608821
7.6777472877254
8.08760426418816
8.47228912851946
7.83306670580334
7.36145872712304
6.90274957366607
7.47460220192428
7.88275773239859
7.28198602747378
7.84433961014159
8.22775340751154
8.60580101330134
7.95802922967547
8.47869979763329
7.82271034364402
8.35383935406765
7.70533511803208
7.24378216809411
6.79210377032008
6.37085791413055
6.97544736288416
6.41461531363183
6.03289208758789
6.65639642858201
6.11562815766197
6.75242637913604
7.20334074601963
6.64499716977222
6.24684859703786
6.85734702397333
7.30407292106294
7.73918070893778
8.14522512476716
8.52633403613393
7.88375758424054
7.40900372757091
6.9473439294413
7.51642903015597
7.92198878595929
7.31878240024574
7.87885239851416
8.26012433082596
8.63616299579073
7.98650694628961
8.50541018598947
7.84776308420622
8.37733732052578
7.72737479973063
7.2644540662449
6.81149276962605
6.38904363134649
6.99250447374578
6.43061385949566
6.04789776304098
6.67047085120267
6.12882912103908
6.76480809018598
7.21495404757533
6.65588974935834
6.25706518268929
6.86692956790133
7.31306077192279
7.74761077340562
8.15313201908929
8.533750228271
7.89071352719022
7.4155279844166
6.95346329064027
7.52216862354861
7.92737217995121
7.32383170058632
7.88358833906906
8.2645663587163
8.64032935124849
7.99041473755723
8.50907545957118
7.85120089075952
8.38056177666375
7.73039914598878
7.26729072145057
6.81415338189361
6.39153912590789
6.99484509781263
6.43280922433718
6.04995688345063
6.67240218251547
6.13064059385161
6.76650714292166
7.21654765702874
6.65738445934388
6.25846713091199
6.86824451115998
7.31429410974902
7.7487675702359
8.15421702506097
8.53476789872769
7.89166804097675
7.41642326103849
6.95430300635839
7.52295622647491
7.92811090420768
7.32452457958521
7.88423821796895
8.26517590610507
8.64090107010138
7.99095097551473
8.5095784185791
7.85167263611084
8.38100424547927
7.73081415517151
7.26767997514643
6.81451847848919
6.39188156459382
6.9951662847397
6.43311047839041
6.050239441665
6.6726672051555
6.13088916917575
6.76674029165102
7.21676633653842
6.65758956759424
6.25865951013595
6.86842495132143
6.25865951013595
