2.4054296e-01
4.3313013e-02
2.4372890e-01
1.5996767e-01
2.0943933e-01
1.2886427e-01
1.3299543e-01
4.3243933e-02
1.1950841e-01
2.2271902e-01
4.1908857e-02
1.0695051e-01
1.5138330e-01
7.6056906e-02
2.1449781e-01
7.1340241e-02
1.6419154e-01
2.7967678e-01
1.8801237e-01
2.3481618e-01
1.8615083e-01
8.9683805e-02
2.4419563e-01
3.3695144e-01
1.6644693e-01
2.7812433e-01
2.0130312e-01
2.5169570e-01
1.7051709e-01
2.0680538e-01
3.0374865e-01
2.8419792e-01
2.7651649e-01
3.0534937e-01
2.5911866e-01
2.7083185e-01
4.1505260e-01
3.6067598e-01
3.5576347e-01
4.5936466e-01
3.1256577e-01
4.7829926e-01
4.0764641e-01
4.7863779e-01
4.0015140e-01
4.5364929e-01
5.1657229e-01
4.5951426e-01
5.8305274e-01
4.7858049e-01
4.1907779e-01
4.6357401e-01
5.2424262e-01
5.0463111e-01
4.7112781e-01
5.6222094e-01
4.8657463e-01
5.8923546e-01
5.2814752e-01
6.4397900e-01
7.3157894e-01
7.2711481e-01
6.4828785e-01
7.0771486e-01
6.7939162e-01
7.8716234e-01
6.2819877e-01
7.0108651e-01
7.2349097e-01
8.0955144e-01
7.6174196e-01
8.2705585e-01
7.0772007e-01
9.4774176e-01
8.7007094e-01
8.2984691e-01
7.8399752e-01
8.7783792e-01
8.9777735e-01
9.0758905e-01
1.0470751e+00
1.0403480e+00
9.8060388e-01
1.0745022e+00
1.0255660e+00
9.6808274e-01
1.0193896e+00
1.1930044e+00
1.1671743e+00
1.1354377e+00
1.0237463e+00
1.1184440e+00
1.2330497e+00
1.2176234e+00
1.2551430e+00
1.2430880e+00
1.1372165e+00
1.2354174e+00
1.3103706e+00
1.2469216e+00
1.2739448e+00
1.4218256e+00
1.3699144e+00
1.2442043e+00
1.2660913e+00
1.4492066e+00
1.4659263e+00
1.3546565e+00
1.4669511e+00
1.3635209e+00
1.4898112e+00
1.4963490e+00
1.5451073e+00
1.5606841e+00
1.5593646e+00
1.5122237e+00
1.5269740e+00
1.6432275e+00
1.6289901e+00
1.6684465e+00
1.7646966e+00
1.5528215e+00
1.6672370e+00
1.7215887e+00
1.6089310e+00
1.6975778e+00
1.7655491e+00
1.8160066e+00
1.8152631e+00
1.8893708e+00
1.8224830e+00
1.7370863e+00
1.9474664e+00
1.8194107e+00
1.8203485e+00
1.8203333e+00
1.9074497e+00
1.9344051e+00
1.9073250e+00
2.0498632e+00
2.1337076e+00
2.0862798e+00
2.0375186e+00
2.1322741e+00
1.9779921e+00
2.1954635e+00
2.1745727e+00
2.1386954e+00
2.1108724e+00
2.0845554e+00
2.1522740e+00
2.1266252e+00
2.2025858e+00
2.2400904e+00
2.1799381e+00
2.2873224e+00
2.4026062e+00
2.1851661e+00
2.2618948e+00
2.3216898e+00
2.3999203e+00
2.3522016e+00
2.2921723e+00
2.3238562e+00
2.3344626e+00
2.5425958e+00
2.3885798e+00
2.5007829e+00
2.5423599e+00
2.6292623e+00
2.4750310e+00
2.4584520e+00
2.6735618e+00
2.6412611e+00
2.4817249e+00
2.7082987e+00
2.5128389e+00
2.6824586e+00
2.5651238e+00
2.7326170e+00
2.6393584e+00
2.8218448e+00
2.8237202e+00
2.6520022e+00
2.7768523e+00
2.7584187e+00
2.7319522e+00
2.6909509e+00
2.9323809e+00
2.9332204e+00
2.9463133e+00
2.7941884e+00
2.9706344e+00
2.8950564e+00
2.8650057e+00
2.8102222e+00
2.9208323e+00
3.0161176e+00
2.9668171e+00
2.9848351e+00
2.9103109e+00
3.1330861e+00
2.9202098e+00
2.9550044e+00
2.9619106e+00
3.0438749e+00
3.0453332e+00
3.2187107e+00
3.2232162e+00
3.0694050e+00
3.0756734e+00
3.2761337e+00
3.1277320e+00
3.2511912e+00
3.2866527e+00
3.1509885e+00
3.2701525e+00
3.2250975e+00
3.3956646e+00
3.2338790e+00
3.1841068e+00
3.3518286e+00
3.3298662e+00
3.2804022e+00
3.4501039e+00
3.2794579e+00
3.4413471e+00
3.3631458e+00
3.4321784e+00
3.3948779e+00
3.4040960e+00
3.5280824e+00
3.4665236e+00
3.5751374e+00
3.4032337e+00
3.5003337e+00
3.4457746e+00
3.4266970e+00
3.4850055e+00
3.5589885e+00
3.4926122e+00
3.6573168e+00
3.5022023e+00
3.5031133e+00
3.5344942e+00
3.7676411e+00
3.6434985e+00
3.6977409e+00
3.8045565e+00
3.5975287e+00
3.6538363e+00
3.8393609e+00
3.6866620e+00
3.8082948e+00
3.6513889e+00
3.8677515e+00
3.7683075e+00
3.8137878e+00
3.8396650e+00
3.7347434e+00
3.9109577e+00
3.8437008e+00
3.7547501e+00
3.8404726e+00
4.0073882e+00
3.9307512e+00
3.8214857e+00
3.9548360e+00
3.8770838e+00
3.8903786e+00
4.0300033e+00
3.8682383e+00
4.0678679e+00
3.9149526e+00
4.0313908e+00
3.9530524e+00
4.0721146e+00
3.9457183e+00
3.9660765e+00
4.1582872e+00
4.0319504e+00
4.1763750e+00
4.1223551e+00
4.0985867e+00
4.1091989e+00
4.0649255e+00
4.0839626e+00
4.0531560e+00
4.1750207e+00
4.2015733e+00
4.0765734e+00
4.2993697e+00
4.1942616e+00
4.2652251e+00
4.1189572e+00
4.2109509e+00
4.2600572e+00
4.1668240e+00
4.2137897e+00
4.2599874e+00
4.3924117e+00
4.4223360e+00
4.4169157e+00
4.3343377e+00
4.4111339e+00
4.4494717e+00
4.3959780e+00
4.4313666e+00
4.4137916e+00
4.3698208e+00
4.2756557e+00
4.4706797e+00
4.4371570e+00
4.2991599e+00
4.4409605e+00
4.3198981e+00
4.4509396e+00
4.3380211e+00
4.4599233e+00
4.5706039e+00
4.5283611e+00
4.4401976e+00
4.5277808e+00
4.4097079e+00
4.6324663e+00
4.5642959e+00
4.5269154e+00
4.4880726e+00
4.5027745e+00
4.5998054e+00
4.4778335e+00
4.6645791e+00
4.4990395e+00
4.6658307e+00
4.6356645e+00
4.7469192e+00
4.6198965e+00
4.6786767e+00
4.6120611e+00
4.5488980e+00
4.6434606e+00
4.7336372e+00
4.5821589e+00
4.8111487e+00
4.7667523e+00
4.6527481e+00
4.8152435e+00
4.6690420e+00
4.7965052e+00
4.7612529e+00
4.8001234e+00
4.8425581e+00
4.8109503e+00
4.7379379e+00
4.8985057e+00
4.7559291e+00
4.8696965e+00
4.8282139e+00
4.8187142e+00
4.7432362e+00
4.8951883e+00
4.8624169e+00
4.7388508e+00
4.9420733e+00
4.9692334e+00
4.8155130e+00
4.9207608e+00
4.7534892e+00
4.9639459e+00
4.8784031e+00
4.8765877e+00
4.9068373e+00
4.9231027e+00
5.0076586e+00
4.9882816e+00
4.8793589e+00
4.8178625e+00
4.9350797e+00
4.9199084e+00
4.9175102e+00
4.8563564e+00
5.0097693e+00
4.9908373e+00
5.0827451e+00
5.1016294e+00
4.9922441e+00
4.9667984e+00
4.9305917e+00
4.9984450e+00
5.1389481e+00
4.9766239e+00
5.1290907e+00
5.1526270e+00
5.1680341e+00
5.1665323e+00
5.1396232e+00
5.1020896e+00
5.1334726e+00
5.1742504e+00
5.0594001e+00
5.1955740e+00
5.0464851e+00
5.0136751e+00
5.1314950e+00
5.1462097e+00
5.1507437e+00
5.0404745e+00
5.1342560e+00
5.2400017e+00
5.2248988e+00
5.2415338e+00
5.2006955e+00
5.2039856e+00
5.1629231e+00
5.2736921e+00
5.1345844e+00
5.2290567e+00
5.1616248e+00
5.2226341e+00
5.1451502e+00
5.2792413e+00
5.2983389e+00
5.3127031e+00
5.1084904e+00
5.1179906e+00
5.1364916e+00
5.2595078e+00
5.3271699e+00
5.2889855e+00
5.2023133e+00
5.1680279e+00
5.1833588e+00
5.1602898e+00
5.3708467e+00
5.3830158e+00
5.3704077e+00
5.3594764e+00
5.2468360e+00
5.3780071e+00
5.2895284e+00
5.4001791e+00
5.3047803e+00
5.3386967e+00
5.2375371e+00
5.4614479e+00
5.3759950e+00
5.4319109e+00
5.4582425e+00
5.2567212e+00
5.3797026e+00
5.3546964e+00
5.4741698e+00
5.3532924e+00
5.4031060e+00
5.3564677e+00
5.5040345e+00
5.5066122e+00
5.4087060e+00
5.3226117e+00
5.3571869e+00
5.3987948e+00
5.4904055e+00
5.3854710e+00
5.5379413e+00
5.3733684e+00
5.4517352e+00
5.4330954e+00
5.3384305e+00
5.3830254e+00
5.3340742e+00
5.3893841e+00
5.4733169e+00
5.4730519e+00
5.4630940e+00
5.5366273e+00
5.4891247e+00
5.5669852e+00
5.4761627e+00
5.5100079e+00
5.6011399e+00
5.5277015e+00
5.5980166e+00
5.4740243e+00
5.5744998e+00
5.4889945e+00
5.5553224e+00
5.4550930e+00
5.4500597e+00
5.6194006e+00
5.5451381e+00
5.6202287e+00
5.6353454e+00
5.5354402e+00
5.6212105e+00
5.4897487e+00
5.6649887e+00
5.6343810e+00
5.4695652e+00
5.4777567e+00
5.6377331e+00
