  0.0000000e+000  1.5943996e+000
  5.0000000e-002  3.3076604e+000
  1.0000000e-001 -2.1506366e+000
  1.5000000e-001 -5.2093290e+000
  2.0000000e-001 -4.1435093e+000
  2.5000000e-001 -8.1862317e+000
  3.0000000e-001  3.9912940e-001
  3.5000000e-001  1.2199357e+000
  4.0000000e-001  4.8142667e+000
  4.5000000e-001  1.5917122e-001
  5.0000000e-001  8.2106422e+000
  5.5000000e-001  4.2327492e+000
  6.0000000e-001  4.3114563e+000
  6.5000000e-001  1.4618887e-001
  7.0000000e-001  1.3136026e+000
  7.5000000e-001  9.0301926e+000
  8.0000000e-001  1.9837259e-001
  8.5000000e-001 -2.1705404e+000
  9.0000000e-001 -3.9099416e+000
  9.5000000e-001 -3.7314258e+000
  1.0000000e+000  3.9609206e+000
